16
   1.170000000000000E+01   0.000000000000000E+00   1.170000000000000E+01
   0.000000000000000E+00   0.000000000000000E+00   1.170000000000000E+01
   4.131550949879254E+00   4.766222767024465E+00   5.141501524133236E+00    B
   7.647515072747526E+00   6.577061620368887E+00   5.433772594635938E+00    B
   6.268542489902501E+00   7.441321427927936E+00   6.114194336174818E+00    B
   5.725568374621148E+00   4.938207324926767E+00   4.850509240775899E+00    B
   6.187011464428749E+00   4.690475730795947E+00   7.386409576601884E+00    B
   6.813814229993825E+00   5.705482122688268E+00   4.192282439993241E+00    B
   3.793113008693832E+00   6.080789801877033E+00   6.114460595800519E+00    B
   4.867238332213904E+00   7.083052056748795E+00   5.319704955133258E+00    B
   4.884530536151129E+00   6.009211411575131E+00   4.178954244694864E+00    B
   6.190184060200443E+00   6.096672166065694E+00   5.481929370207220E+00    B
   5.286016946974284E+00   6.479582547087598E+00   7.006028154379495E+00    B
   6.681082772549828E+00   5.995140321042983E+00   6.552533104755604E+00    B
   5.379482480367999E+00   4.950398868261177E+00   6.186371316220491E+00    B
   7.003955332173922E+00   4.712264003026653E+00   5.731110913928621E+00    B
   5.178876603089489E+00   5.939431332746604E+00   5.726981371992522E+00    B
   6.227349127936797E+00   7.210066843677760E+00   4.520867799557537E+00    B
