          12
   2.89717381536300       -1.37388677862127        5.61351148686485     
 -3.702923762988653E-002  -1.08969171558612        5.81130734370327     
     1.020359232846968E+00     2.828739698586586E+00     3.433738792788656E+00   B
     2.385749221528706E+00     4.575379861722834E-01     6.755063656323013E-02   B
    -4.866964011422755E-01     4.095967121783679E+00     5.687619478199897E+00   B
     1.007199495614958E+00     1.572196008485872E+00     2.247157002814600E+00   B
     9.160527721339161E-01     4.686909296728025E+00     1.080908977236172E+00   B
    -4.518749365370638E-01     2.847351864064267E+00     4.382237132198515E+00   B
     8.768070422747402E-01     4.217501381166421E+00     4.305400026500086E+00   B
     1.122261345859795E+00     4.701649894298128E+00     2.731355130691966E+00   B
    -4.070390784234404E-01     3.465732378678212E+00     2.760719666699725E-01   B
    -4.547891436758176E-01     1.916318107214456E+00     9.467200793627005E-01   B
     1.043280921198902E+00    -7.129929309773891E-02     2.592534620865569E+00   B
     1.018762860747022E+00     2.985787022612826E+00     1.398258659968461E+00   B
